918109035 13 70 96 43 61 30 36
476792218 29 15 19 12 78 43 16 82
467810100 22 59 51 98 48
096186225 35 33 35 32 73 74 96 72 86 68
777057863 64 98 19 65 22 58 47 33
697929044 62 68 88
759489258 32 45 13 19 86 10 92
089174988 3 22 70 43 26 99 51 61 10 74
804187845 84 72 78 30
956189835 47 77 17 41 36 9 86
913902669 61 51 56 97 95 23 47 52 95
989146103 4 68 76 16 19 56 3 64
256913334 33 93 97 11
388682186 57 61 70 55 87 85 65 46 59 39
568474422 51 79 26 27 2 96 26 53
004669306 12 55 82 38 16
801788093 51 73 32 62 4
829475212 84 87 83
641857036 53 92 14 15 56 40 99 34 15
079290420 57 17 86
130259011 59 57 32 90 100 43 60 27 3
456496004 97 65 37
280349459 94 82 59 30 24
678990588 47 40 84 91 42 93 45 37 2
568812874 65 21 48 13 49 98 1
455199365 43 55 64 30 0
522457983 1 11 77 72
670970999 93 57 63 27 97 48 76 14 54 97
303325553 38 28 6
112398929 72 4 81
372166346 83 63 2 51 46 64 100 62 75 11
608068488 78 50 73 10 72 18 48 100 82
257302772 63 81 12
492916014 1 37 28 77
608436291 87 98 6 97 49 99 90 15 48
514312513 14 83 97 73 12 84 53 27 3
526555409 16 93 25 72 69 6 92
447140372 54 83 5 76 63 66 35 97 0 25
174676271 92 54 82 55 95 71 48 16
696839319 80 21 42 94 3 90 27 22 68
764920283 27 27 56 23 41 13 31 26 47 85
328961324 51 27 58 16 18 58 25
974566163 42 66 54 42 51 81
172844637 25 31 83 47 60
284148828 46 21 93
973880484 43 33 14 17 17 87 33
579572684 96 52 71 19 96 58 28
135460204 18 71 29 2 78 46
735407359 65 0 60 0 89 60 42 31 54
140232499 15 13 59 78 57 71
